100001878058153
100004171682737
100005050594091
100005499631502
100000196768317
100013428939562
100003870945623
100004561450318
100021262277767
100007004501157
100005082215708
100013914823710
100005337969461
100004454371303
100000329742513
1277116868
100016383690358
100001336501290
100006547869627
100014499457092
100005272239356
100000502446985
100000251898406
1281099091
100005289967918
100006953858910
100008298546438
100000630175630
100000308675507
100003443785059
100011808764905
100006821643165
678799573
100025175003919
100008022631868
1394655990
100001916022050
100000163943154
100007901375249
100001309560447
1064151328
100001084762972
100005276083269
100002504356756
100000209084906
100004347279701
100000208997547
100004371210615
100006483359486
100001765757398
100003815496301
100001737288775
100006760684779
100002985401407
100004567208202
100003760791906
1679783723
100007795541302
100004257611826
100003817178328
100000031818310
100003146850703
100002690899304
100000453439361
100000948907013
100001097075711
100004753538942
100002785390461
100001033122057
100000338626242
100003103576881
100000684855312
100005296270562
100004480149447
100000453720612
100000244950531
100000477816039
100005325438902
100003202185070
100000979633000
100004985017534
100003561745294
100014735401279
100003237324885
100003822586329
100001603926352
100002924000585
100006067957077
100002461245622
100008226875748
100008396250719
100004662825055
100004902038030
1580262607
1583993129
100004404156276
100000800398987
100006260552639
100009560100150
100009702870450
100009610510721
100009826203846
100010271581128
100009890894239
100009979362697
100010429570974
100010551394643
100011090582014
100007645877831
100000013963378
100003193861636
100001646696301
100004564808825
100000407820415
100004355112583
100013917841691
100010093777786
100011612709923
100005426103018
100003033348074
100000214280109
100003499578483
100000315927463
100011169394411
100002905453150
100003783159000
100005799310897
100005121282525
100007501784599
100006848100763
100003649104207
100000589648774
100001690502890
100000456661371
731850951
100003848508589
100005020743636
100000401674223
100003505234729
100002238889404
100010560185357
100012398138167
100013059150710
100013151719426
100013296817843
100013380585606
100013656395960
100014078738723
100014952900040
100015781843337
100016467515722
100018654995060
100020482038011
100020907914397
100021936244429
100022296520615
100023994412077
100025201387203
100004830281765
100000008756354
100006494340957
100002295667883
100013960772184
100004039697074
100001549071866
100000863864818
608156070
100004425451249
100006892153377
100012346980338
100001741840764
100001370156437
100008313405526
100003339470490
100000986478186
100000809051585
100009784211451
100008566335951
100001848139423
100007134647842
100004259797150
100004135981631
100003063930768
100002952169891
100002935866038
100001488206568
100001451418141
100000621344320
100000481756009
100000323204745
1686637972
100013682012443
100008530930954
100003949600755
100003132343401
100002931481385
100001741669829
100001196575566
100000224155800
100000004884121
1798643953
100002985191451
100001367532589
100004508136383
100002605671187
100001655827759
1828341724
1485561636
100001594717956
100001618993176
100000172569956
100001057293625
786186508
100009845021658
100002446712828
100003998509617
100010415598020
100004596072106
100010026527454
100004577384393
100007965252061
1026202512
1282316693
100003145389335
100001597839278
100000109537319
100003389532699
100000328576433
100001644060099
100003293203844
100004201871823
100004231570482
100006616598892
1489327870
100003781191740
100001767056249
100003551419407
100009509033492
100002029315148
100021575203090
727723151
100013274829240
100009304497739
100000132532183
100000191829674
100002505291793
100001456805532
100001481348161
100002536792558
100014861109445
100000060358365
100003267743975
1051255873
100003694890979
1832371247
100001375110485
100005016752032
100002429819053
100004093507442
100003856887032
100001258899588
100000161594130
100002830832695
100000292350486
100002561254786
100001882971453
100007540093490
100003963873795
100003145487965
100002986596791
100001902492988
100005511661422
100002514740166
100008237020634
100003834281543
100004725187989
100008314620933
1691269851
100004838314478
100003037269942
100002146277174
1109424802
100005280541667
100001276707583
100002900360294
100000125415459
100001694882360
100015501812503
100013300866017
100006573458221
100009440093926
100003303211069
100003725542891
100008299872566
100001518662656
100002062718605
100002720478632
100001661727020
100001415157890
100000073821265
100003000826818
1272628084
100002878667149
100000079628926
605603229
100004803669170
100006730639000
100001539553714
100004406351650
100001898904376
100001651217810
100000186983492
100017798804675
100000959112049
100010318579335
100003098935084
100002870808428
100001683666160
100000183633337
100000028533026
100001564900804
594683478
100001451479106
100006566355470
100007039631697
100002980384467
100002795509004
759809350
100006366720608
100003069081831
100001648151577
1766568301
100013223529122
100003882068869
100001443886768
100000338496983
100000179353449
100005775618669
100002894713059
100001414419054
1714228198
100000054557519
100023144648552
100002918355340
100000189798561
100003937343097
1582702444
100006544776272
100008308249998
100002521763046
100000139969632
100002393387149
100003141709980
100005659034503
100004298827805
100003677873917
100000146484232
100007524013009
100003754681593
1379040380
100001028379884
100003150425084
100005396882210
100001744895012
100004293243847
100000147851597
100008265242098
100002265831525
100002923186970
100001244416973
100001635825658
100002971161330
100004752396547
100011221238755
100004292654030
100004505229303
